%eval_id interface             x1             y1      objective        nlcon_1 
1        interface   -1.974800086  -0.1860481753    0.983544631    0.983544631 
2        interface   -1.974560022   -0.143412252   0.9797611862   0.9797611862 
3        interface   -1.899932593     1.36844992    1.341452336    1.341452336 
4        interface     -1.8851566   -1.219281481    1.245097489    1.245097489 
5        interface    -1.76601157   -1.821595712    1.537125894    1.537125894 
6        interface   -1.627677858   -1.343250004    1.110368637    1.110368637 
7        interface    -1.02066938    1.148345792   0.5363801747   0.5363801747 
8        interface  -0.9054253543   -1.254366379   0.5470068148   0.5470068148 
9        interface  -0.8899627099  -0.7941061886    0.192744006    0.192744006 
10       interface   0.1755987751    0.624011745   -1786.452047  -0.3517519088 
11       interface   0.2584126304   0.1802589959   -2326.350498  -0.6849279556 
12       interface   0.4277990192    1.478005202   0.5386719527   0.5386719527 
13       interface   0.5091683448   -1.670681231   0.7465475026   0.7465475026 
14       interface   0.6497093377  -0.8199137425  0.04612655479  0.04612655479 
15       interface    1.030295036  -0.5239443362   0.1558657053   0.1558657053 
16       interface    1.386152807   -1.527610451    1.062768357    1.062768357 
17       interface    1.582312971  -0.4624776833   0.6485144663   0.6485144663 
18       interface     1.67333194    -1.39090454     1.17592629     1.17592629 
19       interface    1.674223609  -0.9502898282   0.9251169966   0.9251169966 
20       interface    1.792810663   -1.443095613    1.301454979    1.301454979 
21       interface   -1.974560022   0.9200350004    1.178382814    1.178382814 
22       interface   -1.974560022    1.478005202    1.466452241    1.466452241 
23       interface   -1.899932593   -1.821595712    1.632100833    1.632100833 
24       interface    -1.76601157    1.070910789    1.065344229    1.065344229 
25       interface  -0.8899627099  -0.8199137425   0.2100794065   0.2100794065 
26       interface   0.2584126304   -1.670681231   0.6905480955   0.6905480955 
27       interface   0.4277990192   -0.143412252   -2066.176123   -0.548802621 
28       interface   0.6497093377    -1.39090454   0.5351669821   0.5351669821 
29       interface   0.6497093377   -1.254366379   0.4126419349   0.4126419349 
30       interface   0.6497093377  -0.7941061886  0.02602478638  0.02602478638 
31       interface   -1.974560022    1.379160955    1.408520754    1.408520754 
32       interface    0.223142556    1.478005202   0.4947548218   0.4947548218 
33       interface    1.582312971   -1.670681231    1.301062823    1.301062823 
34       interface    1.582312971  -0.8199137425   0.7821259449   0.7821259449 
35       interface   -1.723220687    0.624011745   0.8327248004   0.8327248004 
36       interface    -1.02066938  -0.4624776833   0.1205586066   0.1205586066 
37       interface    0.223142556   -0.143412252   -2444.097884  -0.7347460192 
38       interface   0.2584126304   -0.143412252   -2372.134489  -0.7044595433 
39       interface   0.4277990192  -0.7941061886   -1570.023899  -0.0979929936 
40       interface   0.4277990192     1.54241764   0.6006449253   0.6006449253 
41       interface   0.5091683448   -1.254366379    0.353767859    0.353767859 
42       interface   0.6497093377    1.478005202   0.6145035152   0.6145035152 
43       interface    1.582312971    1.148345792   0.9550990758   0.9550990758 
44       interface    -1.02066938  -0.7941061886   0.2932016943   0.2932016943 
45       interface    -1.02066938    0.624011745   0.1963095925   0.1963095925 
46       interface  -0.8899627099   -1.254366379   0.5380080097   0.5380080097 
47       interface  -0.8899627099    1.478005202    0.725263169    0.725263169 
48       interface   0.1755987751    1.148345792   0.1616940164   0.1616940164 
49       interface   0.6497093377    -1.51092639   0.6446947375   0.6446947375 
50       interface   0.6497093377  -0.5199748718   -1617.192496     -0.1678365 
51       interface   0.6497093377    1.148345792   0.3194014861   0.3194014861 
52       interface   -1.145799636    0.624011745   0.3047020594   0.3047020594 
53       interface   0.2584126304  -0.7941061886   -1613.456695  -0.1649061572 
54       interface   0.2584126304  -0.5239443362    -1860.98634  -0.4157956222 
55       interface   0.4277990192  -0.8199137425   -1560.990739 -0.07519161662 
56       interface   0.6886065689  -0.7941061886   0.0510868877   0.0510868877 
57       interface   -1.336446164  -0.4624776833   0.4142043547   0.4142043547 
58       interface  -0.8899627099    1.148345792   0.4528357385   0.4528357385 
59       interface    0.223142556  -0.7941061886   -1621.705516  -0.1751380485 
60       interface   0.2584126304    0.624011745   -1757.340387   -0.324598086 
61       interface   0.4277990192  -0.5199748718   -1756.886256   -0.326660659 
62       interface   0.6497093377   -1.345059652   0.4937562354   0.4937562354 
63       interface   0.6497093377   -0.143412252   -1766.950167  -0.3346509957 
64       interface   0.4428531278   -0.143412252              0  -0.5345046006 
65       interface   0.9097209102  -0.5199748718  0.04783872889  0.04783872889 
66       interface   -1.438624974  -0.7941061886   0.6432426645   0.6432426645 
67       interface   0.7169278798  -0.5239443362   -1580.989357  -0.1120229438 
68       interface    0.223142556   0.1802589959   -2390.893431  -0.7131447998 
69       interface   0.4277990192  -0.3552442279    -1900.84274  -0.4439330415 
70       interface   0.4277990192   0.1802589959   -2040.894914  -0.5357745091 
71       interface   0.6497093377   0.1802589959     -1757.8805  -0.3257481709 
72       interface   0.9097209102  -0.7941061886   0.2075581863   0.2075581863 
73       interface   0.9097209102   -0.143412252   -1559.865231 -0.07904440472 
74       interface    1.114253904   0.1802589959   0.1287404787   0.1287404787 
75       interface  -0.9956276505  -0.3552442279  0.05710589815  0.05710589815 
76       interface   0.1755987751  -0.5199748718   -1906.990133  -0.4511750761 
77       interface   0.2584126304  -0.5199748718   -1865.599429   -0.419352986 
78       interface   0.4277990192    0.624011745   -1675.640264  -0.2434270301 
79       interface   0.7169278798   -0.143412252   -1699.730589  -0.2688689181 
80       interface    1.417888835   0.1802589959   0.4293012468   0.4293012468 
81       interface  -0.9630117318   0.1802589959   -1538.598269 -0.02026284076 
82       interface    0.223142556  -0.5199748718   -1885.886625  -0.4341674562 
83       interface   0.7169278798    0.624011745              0  -0.0495389315 
84       interface    1.596113086   0.1802589959   0.6062597203   0.6062597203 
85       interface   0.2584126304  -0.5703717985   -1809.349786  -0.3738202526 
86       interface   0.6236218003  -0.5199748718   -1631.175214  -0.1880406309 
87       interface   0.6497093377    0.624011745   -1572.266129 -0.09915990243 
88       interface   -1.088500434  -0.5199748718   0.2063196351   0.2063196351 
89       interface   0.1755987751   -0.143412252   -2541.477119  -0.7732798998 
90       interface   0.6497093377  -0.5239443362   -1615.400247  -0.1653504382 
91       interface     1.70657975  -0.5199748718   0.7840370821   0.7840370821 
92       interface   0.6497093377    1.192032659    0.357594963    0.357594963 
93       interface    1.098719531  -0.5199748718   0.2155486313   0.2155486313 
94       interface   -0.326131846   -0.143412252   -2247.061475  -0.6437289585 
95       interface   0.2584126304  -0.3552442279   -2083.738443  -0.5607101765 
96       interface   0.4277990192  -0.5239443362   -1753.579088   -0.323590606 
97       interface    0.623187003  -0.5199748718   -1631.416895  -0.1883745273 
98       interface   0.2584126304  -0.5132522166   -1873.483052  -0.4253653984 
99       interface   0.2584126304  -0.2259601458   -2267.481843  -0.6567288608 
100      interface   0.4277990192  -0.5703717985   -1716.312924  -0.2870231495 
101      interface  -0.6354181108   0.1802589959   -1766.963794  -0.3395081521 
102      interface   0.1755987751  -0.3552442279   -2161.629697  -0.6037256111 
103      interface    0.223142556    1.104597533   0.1269109593   0.1269109593 
104      interface  -0.6354181108  -0.3967299063   -1681.671371  -0.2509000106 
105      interface   0.2584126304    1.446319239   0.4692230697   0.4692230697 
106      interface   0.2584126304   0.1788375071   -2328.113551  -0.6857390551 
107      interface   0.4239574496   -0.143412252   -2072.382654  -0.5524433074 
108      interface   -1.179556982   0.1802589959   0.1932510127   0.1932510127 
109      interface   -0.326131846  -0.5199748718              0  -0.3862118865 
110      interface   0.2584126304  -0.5629604415   -1817.305867  -0.3805635253 
111      interface   0.4239574496   0.1802589959   -2046.708231  -0.5393122265 
112      interface    0.223142556 -0.04591873197   -2539.901716  -0.7721818044 
113      interface   0.2584126304    1.702717129   0.7222144782   0.7222144782 
114      interface   0.4277990192  -0.5132522166   -1762.521696  -0.3318384636 
115      interface   0.4277990192   0.1788375071   -2041.822294  -0.5363246235 
116      interface -0.06058823972   0.1788375071   -2649.148761  -0.8111778913 
117      interface    0.223142556  -0.5505415511   -1847.351595  -0.4059557257 
118      interface   0.1755987751   0.1802589959   -2483.959358  -0.7483489809 
119      interface    0.223142556   -1.805754404   0.8194893701   0.8194893701 
120      interface    0.223142556   -1.131539976   0.1533322668   0.1533322668 
121      interface   0.2496448058  -0.3552442279              0  -0.5658099604 
122      interface   0.3333889387   0.1788375071   -2194.816603  -0.6216733708 
123      interface   0.4239574496  -0.3552442279   -1904.977253  -0.4468830318 
124      interface -0.06058823972   -0.143412252   -2750.592864  -0.8443143911 
125      interface -0.04924728444   -0.143412252    -2766.63609  -0.8483676517 
126      interface   0.4239574496  -0.2259601458   -2017.256812  -0.5195856928 
127      interface   0.4277990192    1.153642147   0.2304073326   0.2304073326 
128      interface -0.06058823972  -0.2259601458   -2529.338525  -0.7660578655 
129      interface   0.2584126304   0.6067794313   -1774.848296  -0.3404862656 
130      interface   0.4277990192    1.194014396   0.2683384322   0.2683384322 
131      interface  -0.4490832176  -0.3552442279   -1878.523267  -0.4273969981 
132      interface -0.04924728444    -1.58746694   0.5882306447   0.5882306447 
133      interface -0.04924728444   0.1788375071   -2658.338708  -0.8145056632 
134      interface   0.1755987751 -0.04591873197   -2662.222514  -0.8184966674 
135      interface   0.1755987751   0.1788375071   -2486.591086  -0.7493652383 
136      interface   0.3333889387   -0.143412252   -2230.657702  -0.6370740317 
137      interface   0.4239574496   0.1788375071    -2047.64865  -0.5398665704 
138      interface   -0.326131846  -0.2259601458   -2165.483747  -0.6032381464 
139      interface   -0.326131846   0.1788375071   -2210.626553   -0.628052645 
140      interface   -0.326131846    1.640899818   0.6729955749   0.6729955749 
141      interface   0.7317005166   0.1788375071   -1678.986589   -0.246761326 
142      interface   -0.326131846   -1.819814328   0.8488066879   0.8488066879 
143      interface    0.223142556   0.1788375071   -2392.936742  -0.7140359214 
144      interface   0.2584126304 -0.04591873197   -2451.899841  -0.7375393029 
145      interface   0.7208041133   -0.143412252   -1696.124789  -0.2650675924 
146      interface    0.223142556  -0.2259601458   -2322.235963  -0.6824301844 
147      interface   0.2584126304    1.731994821    0.751166225    0.751166225 
148      interface   0.7841697013   -0.143412252   -1642.044999  -0.2028242387 
149      interface  -0.4886829399   0.1788375071   -1950.082768   -0.479621417 
150      interface -0.06058823972   0.1802589959              0  -0.8098310215 
151      interface -0.04924728444   -1.787144098   0.7878225085   0.7878225085 
152      interface   -0.326131846   0.1802589959              0  -0.6273670887 
153      interface -0.04924728444  -0.2259601458   -2535.602247  -0.7687354707 
154      interface   0.2584126304   0.2842577408   -2187.462055  -0.6158391603 
155      interface    1.449845761   0.1802589959   0.4610085682   0.4610085682 
156      interface   0.1755987751    1.453557465   0.4641257575   0.4641257575 
157      interface   0.2584126304   -1.138494124   0.1674527648   0.1674527648 
158      interface -0.06058823972 -0.04591873197   -3009.906819  -0.9239772091 
159      interface   0.1755987751   -0.552659483   -1864.777718  -0.4201142923 
160      interface   0.1755987751  -0.2259601458   -2393.783513  -0.7138306143 
161      interface    0.223142556    1.510070178    0.526467996    0.526467996 
162      interface   -1.162052592 -0.04591873197   0.1629594819   0.1629594819 
163      interface -0.06058823972   -1.762472352   0.7635134608   0.7635134608 
164      interface   0.2584126304   0.7085392767   -1678.017483  -0.2458083836 
165      interface   0.2584126304    1.142331475   0.1711952383   0.1711952383 
166      interface   0.4314561255   0.1788375071   -2036.307824  -0.5329483517 
167      interface   0.8428459423 -0.04591873197   -1607.580083   -0.155904145 
168      interface -0.04924728444  -0.1923796433   -2626.179229   -0.801416964 
169      interface    0.223142556   -1.274937745   0.2943179107   0.2943179107 
170      interface -0.04924728444   0.1802589959   -2654.367936  -0.8131348063 
171      interface   0.2584126304  0.02900121642   -2451.763889  -0.7399650829 
172      interface    1.547971189  -0.2259601458   0.5643761662   0.5643761662 
173      interface    0.223142556   0.9996740106  0.02427570886  0.02427570886 
174      interface    1.330710431   0.1788375071    0.342673864    0.342673864 
175      interface  -0.4816996187   0.1788375071   -1959.873951  -0.4861737875 
176      interface   0.1196401856   0.1788375071   -2577.243369  -0.7848334878 
177      interface   0.5244091463  -0.1923796433              0  -0.4414170788 
178      interface    1.721110962   0.1788375071    0.730377357    0.730377357 
179      interface   -1.076211715   -0.143412252  0.08572497877  0.08572497877 
180      interface -0.06058823972  -0.1923796433   -2618.318508  -0.7983050275 
181      interface   0.2584126304   -0.422040363   -1990.719246  -0.5051311734 
182      interface   -1.363182883 -0.04591873197   0.3639560486   0.3639560486 
183      interface    -1.19760777   0.1788375071   0.2108869579   0.2108869579 
184      interface -0.04924728444 -0.04591873197   -3039.342804  -0.9326663162 
185      interface   0.1196401856 -0.04591873197   -2812.774674  -0.8718504625 
186      interface -0.04924728444   -1.191500304   0.1925176181   0.1925176181 
187      interface   0.1755987751   -1.947562106   0.9554623715   0.9554623715 
188      interface   -1.451661048  -0.2259601458   0.4691418535   0.4691418535 
189      interface   0.1196401856   -0.792350897   -1637.000248  -0.1986675359 
190      interface   0.1755987751  0.02900121642    -2682.44735  -0.8220224723 
191      interface  -0.2287438895  -0.2259601458   -2323.678601  -0.6784696679 
192      interface   0.1196401856 -0.02400400584   -2833.343353  -0.8779755504 
193      interface -0.06058823972  0.02900121642   -3039.463417  -0.9328285377 
194      interface -0.04924728444   -1.425363388    0.426213898    0.426213898 
195      interface -0.04924728444  0.02900121642   -3073.703938  -0.9428478734 
196      interface    0.223142556 -0.06394337586   -2528.142636  -0.7678764217 
197      interface -0.04924728444   -1.484952008   0.4857684076   0.4857684076 
198      interface   0.1755987751  -0.1923796433   -2455.390582  -0.7395295468 
199      interface    1.480630748  0.02900121642   0.4809147452   0.4809147452 
200      interface -0.04924728444 -0.02400400584   -3082.996542  -0.9452141686 
201      interface   0.1755987751  -0.4900457144   -1953.735249  -0.4794428638 
202      interface   0.7425480181 -0.04591873197   -1687.008787   -0.256033543 
203      interface -0.04924728444    1.327708181    0.328621206    0.328621206 
204      interface   0.1196401856  0.02900121642   -2849.731051  -0.8768949856 
205      interface   0.1755987751 -0.02400400584   -2674.993159  -0.8227681685 
206      interface   0.1755987751    1.321965085   0.3335766254   0.3335766254 
207      interface -0.04924728444   -1.134240372    0.135308996    0.135308996 
208      interface   0.1196401856  -0.1923796433   -2543.336225  -0.7734526514 
209      interface   0.1196401856  -0.1458182401   -2645.503033  -0.8113820444 
210      interface   -1.046156395 -0.02400400584  0.04643174412  0.04643174412 
211      interface   0.1755987751   -1.268254174   0.2803529122   0.2803529122 
212      interface   -1.816759605  -0.1458182401   0.8226021018   0.8226021018 
213      interface    1.273820536  -0.1923796433   0.2882657665   0.2882657665 
214      interface -0.04924728444    1.796534259   0.7972091249   0.7972091249 
215      interface   0.1755987751  -0.1458182401   -2537.441684  -0.7717503801 
216      interface   0.4760878954  -0.1923796433   -1966.520166  -0.4865123066 
217      interface -0.03941023258 -0.04591873197   -3062.535334  -0.9394880476 
218      interface  0.08699434907 -0.02400400584   -2959.287955  -0.9097547283 
219      interface   0.1196401856   -0.143412252   -2650.809167  -0.8132358492 
220      interface -0.06058823972 -0.02400400584   -3047.590105  -0.9348300139 
221      interface -0.04924728444  -0.6247430083   -1807.286324  -0.3733189636 
222      interface   0.1196401856   -1.581292249    0.585811764    0.585811764 
223      interface -0.04924728444    1.424703203   0.4255541069   0.4255541069 
224      interface   0.1755987751  -0.5504192238   -1867.583126  -0.4222489708 
225      interface   -1.127783538 -0.04591873197   0.1287179623   0.1287179623 
226      interface   0.1196401856   -1.726245912   0.7303868708   0.7303868708 
227      interface   -1.320566188 -0.02400400584   0.3207843311   0.3207843311 
228      interface -0.06058823972   -1.414931385   0.4162280039   0.4162280039 
229      interface   -1.233735695  0.02900121642   0.2340765113   0.2340765113 
230      interface  0.08699434907  0.02900121642   -2953.348122  -0.9082989241 
231      interface   0.1755987751   0.8112413598   -1617.317174  -0.1699714019 
232      interface  -0.5022557911 -0.02400400584   -1978.462434  -0.4971709316 
233      interface -0.04924728444    1.725212211   0.7259149655   0.7259149655 
234      interface  0.08699434907   -0.143412252   -2708.958909  -0.8322648195 
235      interface -0.06058823972   0.7270944764   -1701.968974  -0.2703855043 
236      interface   0.1755987751    1.928915977   0.9368922985   0.9368922985 
237      interface  0.08699434907   0.1802589959   -2617.404338  -0.7998467528 
238      interface  0.08699434907    1.134396385   0.1377271971   0.1377271971 
239      interface   0.1196401856  -0.4139844619   -2096.887463  -0.5690743583 
240      interface   -0.376316379  0.02900121642   -2205.546169  -0.6225677708 
241      interface    1.845000127   0.1788375071   0.8536473026   0.8536473026 
242      interface   0.1196401856  -0.8333739782              0  -0.1580819746 
243      interface   0.1196401856 -0.06518214292   -2786.807476  -0.8637557863 
244      interface -0.06058823972   -1.454303948   0.4555654942   0.4555654942 
245      interface -0.03941023258  0.02900121642   -3101.718371   -0.951069059 
246      interface  0.08699434907   -1.325269878   0.3281220826   0.3281220826 
247      interface -0.06058823972   0.3420582108   -2257.444283  -0.6526172797 
248      interface -0.06058823972   0.7946626464   -1640.833442  -0.2030309565 
249      interface -0.03941023258 -0.02400400584   -3112.259415  -0.9538550249 
250      interface  0.08699434907 -0.04591873197   -2908.551594  -0.9016305601 
251      interface   -1.481264617 -0.04591873197   0.4819761791   0.4819761791 
252      interface -0.03941023258   -1.135040482   0.1357244658   0.1357244658 
253      interface   -1.559633093  0.02900121642    0.559902707    0.559902707 
254      interface   0.3857116207  0.02900121642   -2178.728189  -0.6131996317 
255      interface   -1.422957781 -0.02400400584   0.4231602295   0.4231602295 
256      interface   0.1196401856   -1.615667168   0.6200907912   0.6200907912 
257      interface   -1.579016279  0.02900121642   0.5792825839   0.5792825839 
258      interface   0.1196401856    1.976098999   0.9797174111   0.9797174111 
259      interface -0.03941023258   -1.117163691   0.1178586131   0.1178586131 
260      interface -0.03941023258   -0.143412252   -2774.488296  -0.8512712521 
261      interface  0.08699434907  -0.4187684964   -2102.213446  -0.5722909045 
262      interface -0.04924728444   -1.743317379    0.744012838    0.744012838 
263      interface    1.798663743 -0.02400400584   0.7988239082   0.7988239082 
264      interface  0.08699434907  -0.6625302279   -1758.464051  -0.3317827302 
265      interface   0.3909236651  0.02900121642   -2168.803807  -0.6080020632 
266      interface   -1.268720641 -0.06518214292   0.2703939455   0.2703939455 
267      interface -0.06058823972    1.337542554   0.3389141192   0.3389141192 
268      interface   -1.934943905   -0.143412252   0.9402512697   0.9402512697 
269      interface  0.08699434907 -0.06518214292   -2874.086202  -0.8912952231 
270      interface   0.4810377986   -0.143412252   -1984.376633  -0.4980394062 
271      interface   -1.291595222 -0.06518214292   0.2932389297   0.2932389297 
272      interface -0.04924728444  -0.4820262932   -2004.017203  -0.5154645087 
273      interface   -1.414630156 -0.02400400584   0.4148337961   0.4148337961 
274      interface -0.04924728444 -0.06518214292   -2989.656666  -0.9183054054 
275      interface -0.03941023258    1.061064854  0.06179649219  0.06179649219 
276      interface  -0.3587433483 -0.06518214292   -2230.129293  -0.6353830754 
277      interface    1.413956778 -0.02400400584   0.4141605151   0.4141605151 
278      interface    -1.09460009 -0.02400400584  0.09486325599  0.09486325599 
279      interface -0.04924728444   0.9031165479   -1570.958873 -0.09554171234 
280      interface -0.04924728444   0.9752538423   -1544.770334 -0.02350353204 
281      interface   0.1196401856 -0.06659454017   -2784.658659   -0.863074448 
282      interface -0.03941023258 -0.06518214292   -3008.259169   -0.923829939 
283      interface  0.08699434907  -0.5606043667   -1881.115878  -0.4326859135 
284      interface    1.278100811  0.02900121642      0.2784298      0.2784298 
285      interface   -1.583822377 -0.04591873197   0.5844878831   0.5844878831 
286      interface    -1.49502775  0.02900121642   0.4953090128   0.4953090128 
287      interface -0.06058823972 -0.06659454017   -2961.733576  -0.9099679636 
288      interface -0.06058823972 -0.06518214292   -2965.278019   -0.911007604 
289      interface -0.06058823972   0.1705325778   -2679.410122  -0.8190240489 
290      interface -0.03941023258   0.1213957901              0  -0.8723673071 
291      interface -0.03941023258  -0.7532793687   -1677.164789  -0.2456903993 
292      interface   0.1815755173 -0.04591873197    -2645.38051  -0.8127082532 
293      interface   -1.745915618 -0.04591873197   0.7465193601   0.7465193601 
294      interface  0.08699434907    1.506293349   0.5088033901   0.5088033901 
295      interface   -1.083504302 -0.02400400584  0.08377016233  0.08377016233 
296      interface -0.04924728444   0.7906694313    -1644.54366  -0.2077983561 
297      interface -0.04924728444   -1.539844405   0.5406317167   0.5406317167 
298      interface   0.3527445208  0.02900121642   -2243.986697  -0.6460653062 
299      interface -0.04924728444   0.1412703144   -2773.284543   -0.850391856 
300      interface    1.176978724  0.02900121642   0.1773359704   0.1773359704 
301      interface  -0.7157006872  0.02900121642   -1713.094351  -0.2837119684 
302      interface    1.000912081  0.02900121642 0.001332144918 0.001332144918 
303      interface -0.06058823972  -0.8211555401   -1623.711652  -0.1766122688 
304      interface     1.66009119 -0.04591873197   0.6607261331   0.6607261331 
305      interface   -1.417341796 -0.04591873197   0.4180854335   0.4180854335 
306      interface -0.06058823972   -1.888872316   0.8898437927   0.8898437927 
307      interface  0.08699434907 -0.06659454017   -2871.287841  -0.8904424829 
308      interface -0.03941023258   0.2235142543   -2543.030431  -0.7730379144 
309      interface   0.5112544142  0.02900121642   -1963.666641  -0.4879236907 
310      interface   -1.970158897 -0.06518214292   0.9712368684   0.9712368684 
311      interface   0.4959312335 -0.04591873197   -1978.506964  -0.5019474743 
312      interface -0.06058823972   0.3739094876   -2193.753888  -0.6212134642 
313      interface -0.04924728444    1.358749078   0.3596412586   0.3596412586 
314      interface  0.08699434907  -0.2411766975   -2461.870892  -0.7436131513 
315      interface    1.083606142 -0.06659454017  0.08565054403  0.08565054403 
316      interface  0.08699434907  -0.6335083408   -1793.164175  -0.3605464562 
317      interface   0.1196401856   0.3410768874   -2232.199888  -0.6385484581 
318      interface -0.06058823972    1.820012089   0.8210203016   0.8210203016 
319      interface -0.03941023258   0.5215382234   -1947.689646  -0.4769748716 
320      interface -0.04924728444    1.132119983   0.1331906066   0.1331906066 
321      interface  0.08699434907   -1.712710665     0.71491861     0.71491861 
322      interface   -0.583858426  0.02900121642              0  -0.4154217485 
323      interface   0.1196401856   -1.830612978   0.8345183698   0.8345183698 
324      interface -0.03941023258    1.583572207   0.5840625307   0.5840625307 
325      interface   0.1196401856    1.565585373   0.5701500992   0.5701500992 
326      interface  0.05783796406 -0.06518214292   -2944.940901   -0.912856774 
327      interface  0.08699434907  -0.3451201182   -2236.980174  -0.6440844022 
328      interface -0.06058823972   -1.342391597   0.3437582128   0.3437582128 
329      interface -0.03941023258    1.699500814   0.6999577004   0.6999577004 
330      interface   -1.913766548  0.02900121642   0.9139862776   0.9139862776 
331      interface  -0.1437727297  0.02900121642   -2780.864101  -0.8533314336 
332      interface  0.05783796406  0.02900121642   -3046.224405  -0.9352983722 
333      interface  0.08699434907  -0.8478706287   -1602.651776  -0.1476781008 
334      interface    1.267428696 -0.06518214292   0.2691037039   0.2691037039 
335      interface   -1.326128093 -0.04591873197   0.3269228497   0.3269228497 
336      interface -0.03941023258   0.3918550044   -2165.236498  -0.6061681693 
337      interface  0.05783796406 -0.02400400584   -3054.528687  -0.9373787386 
338      interface  -0.4887676586 -0.06518214292   -1994.011147  -0.5069051452 
339      interface -0.04924728444   0.9182497537   -1559.962565 -0.08043058707 
340      interface  0.05783796406 -0.04591873197   -2990.182891  -0.9261504229 
341      interface -0.04924728444 -0.008362445053   -3099.526265  -0.9500477677 
342      interface  0.05783796406   -1.922356874   0.9232267628   0.9232267628 
343      interface  0.05783796406 -0.06659454017   -2941.374304  -0.9117953353 
344      interface   0.5029083036  0.02900121642   -1978.976382  -0.4962561838 
345      interface     1.87134704  0.02900121642   0.8715717498   0.8715717498 
346      interface -0.06058823972    0.393487585   -2156.636336  -0.6018751272 
347      interface  0.05783796406 -0.03489301821   -3037.929672  -0.9324518482 
348      interface -0.06058823972 -0.008362445053    -3061.31812  -0.9388373866 
349      interface -0.03941023258   0.2616605248   -2447.710762  -0.7353882152 
350      interface  0.08699434907    1.494731461   0.4972608848   0.4972608848 
351      interface -0.03941023258   -1.276876062   0.2774841072   0.2774841072 
352      interface  0.05783796406    1.403000481   0.4041921449   0.4041921449 
353      interface -0.06058823972    -1.40539878   0.4067041855   0.4067041855 
354      interface    1.980730459 -0.02400400584   0.9808759031   0.9808759031 
355      interface  -0.3259799342 -0.04591873197   -2303.900335  -0.6708018113 
356      interface -0.04924728444   -1.359956156   0.3608475452   0.3608475452 
357      interface   -1.140262793  0.02900121642    0.140631539    0.140631539 
358      interface  -0.3143049061 -0.04591873197   -2329.171641  -0.6823585292 
359      interface -0.03941023258 -0.008362445053   -3131.965988   -0.959712323 
360      interface -0.06058823972  -0.1313593807   -2784.238989  -0.8553410159 
361      interface    1.194572579 -0.008362445053   0.1946018487   0.1946018487 
362      interface -0.04924728444    1.224402653   0.2253926521   0.2253926521 
363      interface    1.924884969 -0.06518214292   0.9259882802   0.9259882802 
364      interface    -1.21613221  0.02900121642   0.2164779582   0.2164779582 
365      interface -0.06058823972     1.65289185   0.6540019355   0.6540019355 
366      interface -0.03941023258 -0.06659454017   -3004.086085  -0.9226178366 
367      interface   -1.057151194  0.02900121642  0.05754891969  0.05754891969 
368      interface -0.04924728444 -0.06659454017   -2985.775321  -0.9171741115 
369      interface -0.04924728444 -0.03489301821   -3063.647192  -0.9396442402 
370      interface   0.5609683891 -0.04591873197   -1892.767769  -0.4371553824 
371      interface -0.06058823972   -1.730501192   0.7315615237   0.7315615237 
372      interface -0.03941023258   0.1590143098   -2722.222193  -0.8361747359 
373      interface  -0.8477875063 -0.008362445053   -1604.666261  -0.1521712518 
374      interface  -0.5996318248  0.02900121642   -1842.180964  -0.3996672624 
375      interface   -1.769985402 -0.03489301821   0.7703293044   0.7703293044 
376      interface   0.6606461698 -0.06659454017   -1768.311696  -0.3360058777 
377      interface -0.03941023258 -0.03489301821   -3089.892345  -0.9473626639 
378      interface  0.05783796406   -1.304906562   0.3061877222   0.3061877222 
379      interface   0.4861948148 -0.04591873197   -1993.673498  -0.5116415989 
380      interface -0.06058823972   -1.457077205   0.4583363522   0.4583363522 
381      interface   0.9153415444 -0.02400400584   -1562.260706   -0.084343768 
382      interface  0.02572084499 -0.02400400584   -3149.381216  -0.9648182695 
383      interface    1.807722689 -0.03489301821   0.8080594136   0.8080594136 
384      interface  -0.3866580754  0.02900121642   -2185.490789  -0.6122558346 
385      interface -0.04924728444    1.558561986   0.5593398473   0.5593398473 
386      interface  0.02572084499  0.02900121642   -3136.127509   -0.961236197 
387      interface  0.05783796406   -1.133847985   0.1353221936   0.1353221936 
388      interface  0.05783796406   0.5852834632   -1852.476522  -0.4118656936 
389      interface  -0.2606553055 -0.008362445053    -2463.67953  -0.7392105854 
390      interface   0.1338422048  0.02900121642    -2805.85018  -0.8630518115 
391      interface  0.02572084499 -0.03489301821   -3120.815949  -0.9566515907 
392      interface   0.9614047571 -0.03489301821   -1545.432254 -0.03796225142 
393      interface    1.675290357 -0.008362445053    0.675311228    0.675311228 
394      interface -0.06058823972 -0.03489301821   -3031.106261   -0.930082495 
395      interface -0.04924728444   0.6809587975   -1747.291394  -0.3172627307 
396      interface  0.02572084499    1.857145095   0.8573231991   0.8573231991 
397      interface  0.05783796406 -0.008362445053   -3068.409185  -0.9415606248 
398      interface -0.06058823972  -0.8189665428   -1625.258673   -0.178795316 
399      interface  0.02572084499    1.067383803   0.0676936568   0.0676936568 
400      interface -0.04924728444   -1.078447848   0.0795717002   0.0795717002 
401      interface -0.03941023258    1.885638567    0.886050363    0.886050363 
402      interface -0.03941023258    1.363272818   0.3638423453   0.3638423453 
403      interface     1.43025626 -0.04591873197   0.4309931863   0.4309931863 
404      interface  0.01082285401 -0.008362445053   -3208.674181  -0.9863228418 
405      interface  0.02572084499 -0.04591873197    -3089.08711  -0.9473683383 
406      interface   0.7102001937  0.02900121642   -1719.835509  -0.2892079167 
407      interface  0.02572084499  -0.9202356184   -1560.121209 -0.07940499934 
408      interface  0.02572084499 -0.008362445053   -3174.160822  -0.9729538847 
409      interface   0.7821397422 -0.008362445053   -1653.982345  -0.2178155545 
410      interface   0.3654164255 -0.008362445053   -2221.176799   -0.634487901 
411      interface   0.6480920029 -0.008362445053   -1786.873361  -0.3518540483 
412      interface  -0.9684416405 -0.02400400584    -1542.15205 -0.03126092091 
413      interface  0.02572084499    1.077285951  0.07759295752  0.07759295752 
414      interface   -1.592447476 -0.02400400584   0.5926283798   0.5926283798 
415      interface  0.02572084499    1.487474749   0.4876971099   0.4876971099 
416      interface -0.06058823972    0.364821789   -2211.502241  -0.6301812978 
417      interface -0.04924728444   -1.003700861  0.00490831094  0.00490831094 
418      interface  -0.1802431541 -0.04591873197   -2667.725014  -0.8139996652 
419      interface -0.04924728444   0.3569765307   -2230.850028  -0.6396424852 
420      interface   -1.399310369  0.02900121642   0.3996108671   0.3996108671 
421      interface  0.01082285401 -0.02400400584   -3175.709824  -0.9736689069 
422      interface  0.02572084499   0.1061741421   -2895.525159  -0.8907548156 
423      interface  -0.2764046557 -0.04591873197    -2415.41933  -0.7198070957 
424      interface -0.06058823972   -1.590172365   0.5913262033   0.5913262033 
425      interface -0.03332004232 -0.04591873197   -3075.379357  -0.9432659259 
426      interface  0.01082285401 -0.04591873197   -3107.684822  -0.9528230553 
427      interface  0.02572084499   0.9731075666   -1544.303543 -0.02655257048 
428      interface -0.03941023258    1.152462465    0.153136115    0.153136115 
429      interface  0.01082285401  0.02900121642   -3162.441835  -0.9690451179 
430      interface     1.23955908 -0.008362445053   0.2395872875   0.2395872875 
431      interface  -0.9306059121  0.02900121642              0 -0.06894230351 
432      interface -0.03332004232 -0.02400400584   -3129.215334  -0.9589339859 
433      interface  0.02572084499   -1.897518773   0.8976930879   0.8976930879 
434      interface -0.03332004232  0.02900121642   -3117.788776  -0.9558265264 
435      interface  0.01082285401    1.345477445   0.3455209731   0.3455209731 
436      interface  0.02572084499  -0.2331883284    -2523.23279  -0.7653974459 
437      interface -0.04924728444   -0.542905058   -1912.700664  -0.4548658908 
438      interface -0.03332004232 -0.03489301821   -3104.737709  -0.9517532598 
439      interface      1.1493397 -0.03489301821   0.1498692398   0.1498692398 
440      interface  -0.8148292335 -0.04591873197   -1627.575299  -0.1838779444 
441      interface     1.26404825 -0.02400400584   0.2642761449   0.2642761449 
442      interface -0.04924728444   -0.235117714   -2511.833598   -0.759780029 
443      interface  0.01082285401 -0.03489301821   -3143.463166  -0.9634670438 
444      interface    1.348788535 -0.008362445053   0.3488144582   0.3488144582 
445      interface  -0.9396552997  0.02900121642   -1555.013916 -0.05989726476 
446      interface  -0.2326900727 -0.008362445053   -2535.622338  -0.7671597105 
447      interface -0.04924728444    1.380009776   0.3808882203   0.3808882203 
448      interface   0.4605336741  0.02900121642   -2045.818398  -0.5385540817 
449      interface   -1.057689491 -0.008362445053  0.05772254862  0.05772254862 
450      interface  -0.1349054566 -0.03489301821    -2805.33194  -0.8606550864 
451      interface -0.03332004232 -0.008362445053   -3151.319249  -0.9656466056 
452      interface  -0.1933551553 -0.008362445053    -2643.56614  -0.8064640949 
453      interface -0.04924728444    1.718179345   0.7188849748   0.7188849748 
454      interface  -0.8873985144  0.02900121642   -1580.156843  -0.1121277153 
455      interface    1.325920596  0.02900121642   0.3262377228   0.3262377228 
456      interface  -0.2611850976 -0.008362445053    -2462.35671  -0.7386810652 
457      interface -0.04924728444   -1.388696477   0.3895694298   0.3895694298 
458      interface  -0.9834424979 -0.04591873197    -1545.28855 -0.01548607088 
459      interface -0.03332004232    0.544284574   -1914.892354  -0.4546964857 
460      interface  0.01082285401   0.5427530252              0  -0.4571390781 
461      interface  0.02572084499   -1.577118104   0.5773278276   0.5773278276 
462      interface  -0.6953650986 -0.03489301821   -1732.902252  -0.3037599961 
463      interface     1.71847057 -0.02400400584   0.7186382087   0.7186382087 
464      interface -0.09308896498  0.02900121642   -2937.409619   -0.902498072 
465      interface -0.04924728444    1.005864683 0.007069538578 0.007069538578 
466      interface -0.03941023258  -0.3906725954              0  -0.6073446254 
467      interface    1.122890237 -0.02400400584   0.1231467743   0.1231467743 
468      interface  0.01082285401   -1.749128215   0.7491616983   0.7491616983 
469      interface  0.01082285401   0.2233961924    -2551.67771  -0.7763417944 
470      interface -0.04924728444   -1.994280718   0.9948886879   0.9948886879 
471      interface -0.03941023258    1.573373616    0.573867117    0.573867117 
472      interface -0.03332004232   -1.607770318   0.6081155495   0.6081155495 
473      interface   0.7476492649 -0.008362445053   -1683.869172  -0.2523039697 
474      interface   -1.729709374 -0.02400400584   0.7298759235   0.7298759235 
475      interface  0.01082285401    1.030185416  0.03024226544  0.03024226544 
476      interface   -1.567521281 -0.02400400584   0.5677050611   0.5677050611 
477      interface -0.03941023258   0.1263484741   -2827.620966  -0.8676478057 
478      interface -0.03941023258   0.2121524672   -2573.050338  -0.7842180828 
479      interface    1.657457612  0.02900121642   0.6577113157   0.6577113157 
